LEVEL 0
LEVEL 228
LEVEL 417
	0    100  0.0
LEVEL 1058
	228  100  0.0
LEVEL 1759
	417  98.0 0.1
	1058 2.03 0.06
LEVEL 1851
	228  99.3  .2
	417  .67   .09
LEVEL 2069
	0	31	1
	417	69	1
LEVEL 2070
	228	3.0	0.4
	417	21.4	0.8
	1058	75.4	0.9
LEVEL 2072
	228	89.4	0.9
	417	10.6	0.9
	1851	0.04	0.01
LEVEL 2365
	0	.89	.04
	417	33	1.0
	1058	13.7	.4
	1759	1.48	.05
	2070	51	1
LEVEL 2545
	0	.21	.06
	417	26	1
	1058	2.5	.2
	1759	3.3	.2
	2070	68	1
LEVEL 2661
	417	61	2.0
	1058	9.0	0.3
	1759	.62	.05
	1851	1.5	0.2
	2070	25	1.0
	2072	3.4	0.8
LEVEL 2740
	228	99.2	0.2
	417	0.8	0.2
LEVEL 2913
	417	29.6	0.9
	1058	.79	.04
	1759	.79	.04
	1851	1.05	.04
	2070	67.8	.9
LEVEL 3074
	0	.79	.09
	417	0.5	0.2
	1058	12.3	0.4
	1759	0.37	.04
	1851	2.69	.05
	2070	83.4	0.5
LEVEL 3160
	228	.44	.05
	417	63.7	0.7
	1058	16.4	.5
	1759	14.7	.4
	1851	.35	.03
	2072	2.71	.08
	2365	.22	.05
	2545	1.45	.05
LEVEL 3403
	0	37	1
	417	57	1
	2069	5.3	.2
	2365	.48	.06
LEVEL 3508
	0	99.7	.1
	2069	0.32	.07
LEVEL 3596
	0	3.7	.2
	417	.18	.04
	1058	3.2	.1
	1851	.98	.06
	2070	92.0	.2
LEVEL 3675
	0	4.4	.2
	417	57.1	.9
	1759	27.4	0.8
	2069	1.0	.1
	2365	8.1	.4
	2545	2.0	.2
LEVEL 3681
	0	.72	.7
	417	1.65	.07
	1058	2.6	.2
	1759	1.15	.06
	1851	.18	.04
	2070	93.3	0.2
	2913	.12	.05
	3160	.26	.04
LEVEL 3724
	228	99.2	.1
	1058	.44	.09
	2661	.35	.09
LEVEL 3751
	417	6.2	0.8
	1058	9.6	0.3
	1759	.19	.06
	1851	.27	.07
	2070	69	2
	2365	.13	.07
	2913	.39	.07
LEVEL 3754
	1058	86.0	.4
	1851	2.6	.3
	2072	9.5	.2
	2740	1.9	.2
LEVEL 3922
	0	100	0.0
LEVEL 3963
	0	5.5	.3
	417	3.9	.3
	1058	11.1	0.4
	1759	2.2	.3
	1851	1.6	.2
	2070	70	1
	2365	3.4	.3
	2661	1.5	.7
	2740	0.5	.2
LEVEL 3978
	1058	37	1
	1851	62	1
	2072	0.9	.2
LEVEL 4192
	0	.24	.06
	417	58.8	.9
	1759	3.9	.2
	2069	23.9	.7
	2365	9.3	.5
	2545	2.1	.1
	2661	0.5	.2
	2913	.39	.04
	3596	0.88	.07
LEVEL 4206
	0	2.9	.2
	417	66	1
	1759	1.10	.07
	2069	10.6	.7
	2365	6.8	.05
	2545	3.2	.2
	2661	8.1	.5
	2913	.63	.05
	3074	.52	.03
	3675	.04	.01
LEVEL 4349
	0	.6	.1
	417	2.6	.6
	1058	1.8	.2
	1759	.80	.09
	2070	94.2	.6
LEVEL 4431
	417	29	3
	1058	0.7	.2
	1759	2.9	.6
	1851	.6	.3
	2070	61	3
	2365	1.8	.6
	2545	1.0	.3
	3160	3.5	.3
LEVEL 4480
	1058	5.2	.5
	1851	34	1
	2072	44	1
	2740	16.3	.6
LEVEL 4548
	228	.57	.05
	417	33	1
	1058	48	1
	1759	7.0	.2
	1851	.08	.03
	2072	1.30	.06
	2365	3.3	.1
	2545	5.3	.2
	2661	.20	.05
	2740	.71	.05
	2913	.48	.04
	3681	.22	.03
LEVEL 4599
	417	25.3	.8
	1759	47.7	.9
	2069	2.6	.1
	2365	2.6	.1
	2545	5.0	.2
	2661	6.6	.3
	2913	3.4	.2
	3074	1.0	.1
	3675	3.1	.2
	3681	.79	.05
	3751	1.8	.2
LEVEL 4622
	417	11.5	.8
	1058	1.5	.3
	1851	9.1	.7
	2072	18.3	.8
	2365	1.2	.3
	2545	2.1	.6
	2661	19.2	.5
	2740	32	1
	3074	4.5	.4
	3160	1.1	.2
LEVEL 4705
	0	57	1
	417	0.3	.1
	2069	0.6	.1
	2365	25.5	.8
	2545	15.9	.5
	3074	0.6	.2
	3681	0.5	.2	
LEVEL 4773
	0	12.1	0.5
	417	30	1.0
	1759	0.4	0.1
	2069	3.0	0.3
	2365	8.1	0.3
	2545	5.4	0.2
	2661	26	1.0
	2913	5.8	0.2
	3074	3.5	0.2
	3403	0.6	0.2
	3596	0.26	.04
	3675	0.12	.03
	3681	0.38	.03
	4192	4.1	.3
LEVEL 4940
	228	80	1
	1058	1.2	.4
	1759	0.5	.2
	1851	0.8	.3
	2070	4.91	.02
	2072	5.71	.02
	2661	0.8	.2
	2740	0.5	.3
	3160	1.0	.3
	3754	4.2	.2
LEVEL 4941
	0	1.1	.2
	417	54	1
	2069	.7	.2
	2365	20.6	.6
	2545	21.5	.8
	3074	.25	.08
	3508	1.8	.1
	3675	0.3	.1
LEVEL 4952
	417	9.4	.3
	1058	1.9	.2
	1851	2.6	.2
	2070	25.1	.8
	2545	.6	.2
	2740	1.0	.1
	2913	.9	.1
	3160	57	1
	4192	1.3	.2
LEVEL 5007
	1058	19	1
	1759	7	1
	1851	1.9	.8
	2070	65	2
	2661	2.3	.6
	2740	2.3	.5
	2913	2.7	.5
LEVEL 5010
	228	97.7	.7
	3754	2.3	.7
LEVEL 5132
	0	.42	.03
	417	.6	.1
	1759	0.05	.01
	2069	16	1
	2070	5.1	.1
	2365	44.6	.09
	2545	.97	.07
	3074	19.1	.6
	3160	.27	.03
	3403	5.0	.2
	3596	4.1	.1
	3675	.12	.02
	3681	.45	.02
	3963	2.0	.6
	4192	0.09	.01
	4206	.52	.02
	4349	.32	.03
LEVEL 5142
	417	81	2
	1058	2.9	.4
	1759	12	1
	2072	.8	.3
	2365	.7	.1
	3596	1.4	.3
	3963	1.3	.2
LEVEL 5192
	1058	34	3
	1851	9	1
	2072	42	3
	3724	15	1
LEVEL 5245
	0	3.6	.2
	417	3.9	.2
	1759	7.4	.3
	2070	3.8	.2
	2365	9.1	.3
	2545	2.5	.2
	2661	2.9	.1
	2913	5.6	.2
	3074	5.2	.2
	3403	1.5	.5
	3508	.25	.04
	3596	2.1	.5
	3675	.19	.05
	3681	.43	.04
	3751	.08	.03
	3963	1.8	.1
	4192	46	1
	4206	.43	.05
LEVEL 5396
	0	33	1
	417	46	1
	2069	2.1	.1
	2365	3.6	.1
	2545	1.3	.1
	3074	1.9	.1
	3403	0.11	.05
	3596	3.0	0.1
	3681	.15	.04
	4192	6.1	.2
	4599	1.9	.1
	4622	.39	.5
LEVEL 5431
	228	18.4	.6
	1058	2.7	.2
	1759	0.8	.1
	1851	6.2	.2
	2070	33	5
	2072	12	5	
	2661	.5	.1
	3754	26	3
	4480	.27	.07
	4548	.77	.07
LEVEL 5457
	417	36	3
	1759	6.6	.3
	2070	9.9	.4
	2365	2.2	.2
	2545	1.2	.2
	2661	19.2	.9
	3074	5.6	.3
	3160	5.2	.3
	3596	0.4	.1
	3675	0.5	.2
	3681	0.5	.2
	3751	0.5	.2
	4192	6.3	.3
	4548	5.5	.3
	4705	0.4	.1
LEVEL 5462
	1058	18	3
	1759	23	3
	1851	8	3
	2661	8	2
	2740	17	3
	2913	20	4
	3160	6	2
LEVEL 5488
	0	10	2
	2069	14	2
	2365	9	2
	3074	64	3
	3403	3.4	1.2
LEVEL 5495
	2070	91	1
	3160	4.3	.5
	3596	2.8	.9
	4548	2.2	.2
LEVEL 5513
	0	11.2	.4
	417	9.5	.3
	1759	26.6	.8
	2069	4.3	.2
	2365	6.1	.2
	2545	.73	.09
	2661	0.73	.08
	2913	1.07	.08
	3596	0.4	.1
	3751	.29	.07
	4192	37	1
	4349	1.15	.07
	4705	.60	.06
	5132	0.26	.05
LEVEL 5545
	228	1.6	.4
	417	28	2
	1058	2.8	.5
	1759	11.4	.7
	1851	0.9	0.3
	2072	2.4	.4
	2365	13.3	.8
	2545	2.4	.5
	2661	2.2	.4
	2913	4.6	.8
	3074	2.0	.4
	3596	5	1
	3724	1.2	.4
	3751	20	1
	3963	1.8	.3
LEVEL 5560
	0	62	8
	2069	24	7
	4705	14	4
LEVEL 5585
	228	86.4	.7
	1759	1.4	.4
	2913	2.6	.3
	3160	1.0	.3
	3754	2.4	.3
	4548	6.2	.3
LEVEL 5598
	417	29	3
	2070	31	3
	3160	40	3
LEVEL 5671
	228	11	2
	417	5.8	.9
	1058	7.8	1.2
	3160	23	1
	3681	3.2	.8
	3754	49	2
LEVEL 5676
	0	40	1
	417	45	1
	2069	.38	.07
	2365	.79	.08
	2545	3.5	.1
	3675	.22	.08
	3681	1.36	.08
	4192	7.0	.2
	4599	1.60	.08
LEVEL 5692
	417	44	1
	1759	16.4	.5
	2070	.31	.08
	2661	.31	.09
	3074	.69	.09
	3160	16.5	.5
	3596	.29	.06
	3681	1.8	.1
	4192	18.3	.6
	4206	.42	.08
	4548	.21	.09
	4599	.24	.08
	5142	.23	.07
LEVEL 5726
	0	37	1
	417	33	1
	2069	6.0	.3
	2365	5.0	.2
	3403	8	1
	3596	2.4	.2
	3675	0.7	.1
	3963	6.1	.3
	4349	0.8	.1
LEVEL 5849
	417	8	2
	1759	7	2
	2070	48	3
	2740	3.2	.9
	2913	7	3
	4192	15	2
	4548	8.4	.9
	5142	3.1	.6
LEVEL 5883
	417	14	1
	1759	3.1	1.2
	1851	4.1	.6
	2070	11.6	.7
	3074	1.0	.4
	3160	9.3	.7
	4192	1.7	.7
	4548	43	2
	4599	2.3	.5
	4622	3.1	.7
	4705	2.2	.8
	5132	2.2	1.0
	5142	2.3	1.0
LEVEL 5916
	417	44	2
	1058	6	2
	1759	6.6	.5
	1851	4.7	1.1
	2070	21.4	.7
	2365	1.6	.4
	2913	1.9	.4
	3160	3.3	.4
	3751	2.3	1.2
	4192	6.4	.4
	5142	1.2	.2
LEVEL 5924
	0	18	2
	2069	11	2
	2545	48	3
	3403	3.5	.6
	3681	19	3
LEVEL 5950
	228	11	2
	2070	17	3
	3160	34	3
	3754	16	2
LEVEL 6028
	1058	44	2
	1759	1.2	.5
	2072	2.9	.6
	2740	3.5	.7
	2913	15.4	.5
	3724	22.1	.7
	3751	3.5	.9
	3978	0.9	.3
	4940	5.4	.6
	5007	1.1	.2
LEVEL 6400
	0	4	2
	1851	5	2
	2070	1	1
	3160	76	8
	3403	4	2
	5142	9	3
